Problem:    Modelo
Rows:       131
Columns:    84 (72 integer, 72 binary)
Non-zeros:  453
Status:     INTEGER OPTIMAL
Objective:  Z = 740 (MINimum)

   No.   Row name        Activity     Lower bound   Upper bound
------ ------------    ------------- ------------- -------------
     1 Z                         740                             
     2 salida[1]                   1             1             = 
     3 salida[2]                   1             1             = 
     4 llegada[1]                  0            -0             = 
     5 llegada[2]                  0            -0             = 
     6 nodos1[1]                   1             1             = 
     7 nodos1[2]                   1             1             = 
     8 nodos1[3]                   1             1             = 
     9 nodos1[4]                   1             1             = 
    10 nodos2[1,1]                 0            -0             = 
    11 nodos2[1,2]                 0            -0             = 
    12 nodos2[2,1]                 0            -0             = 
    13 nodos2[2,2]                 0            -0             = 
    14 nodos2[3,1]                 0            -0             = 
    15 nodos2[3,2]                 0            -0             = 
    16 nodos2[4,1]                 0            -0             = 
    17 nodos2[4,2]                 0            -0             = 
    18 bucle[0,0]                  0            -0             = 
    19 bucle[0,1]                  0            -0             = 
    20 bucle[0,2]                  0            -0             = 
    21 bucle[0,3]                  0            -0             = 
    22 bucle[0,4]                  0            -0             = 
    23 bucle[0,5]                  0            -0             = 
    24 bucle[1,0]                  0            -0             = 
    25 bucle[1,1]                  0            -0             = 
    26 bucle[1,2]                  0            -0             = 
    27 bucle[1,3]                  0            -0             = 
    28 bucle[1,4]                  0            -0             = 
    29 bucle[1,5]                  0            -0             = 
    30 bucle[2,0]                  0            -0             = 
    31 bucle[2,1]                  0            -0             = 
    32 bucle[2,2]                  0            -0             = 
    33 bucle[2,3]                  0            -0             = 
    34 bucle[2,4]                  0            -0             = 
    35 bucle[2,5]                  0            -0             = 
    36 bucle[3,0]                  0            -0             = 
    37 bucle[3,1]                  0            -0             = 
    38 bucle[3,2]                  0            -0             = 
    39 bucle[3,3]                  0            -0             = 
    40 bucle[3,4]                  0            -0             = 
    41 bucle[3,5]                  0            -0             = 
    42 bucle[4,0]                  0            -0             = 
    43 bucle[4,1]                  0            -0             = 
    44 bucle[4,2]                  0            -0             = 
    45 bucle[4,3]                  0            -0             = 
    46 bucle[4,4]                  0            -0             = 
    47 bucle[4,5]                  0            -0             = 
    48 jornada1[1]               385                         480 
    49 jornada1[2]               352                         480 
    50 h1[0,0,1]                   0                      499985 
    51 h1[0,0,2]                   0                      499985 
    52 h1[0,1,1]                   0                      499972 
    53 h1[0,1,2]              499972                      499972 
    54 h1[0,2,1]                   0                      499972 
    55 h1[0,2,2]                -184                      499972 
    56 h1[0,3,1]                -327                      499953 
    57 h1[0,3,2]                -327                      499953 
    58 h1[0,4,1]              499965                      499965 
    59 h1[0,4,2]                   0                      499965 
    60 h1[1,0,1]                   0                      499832 
    61 h1[1,0,2]                  28                      499832 
    62 h1[1,1,1]                   0                      499847 
    63 h1[1,1,2]                   0                      499847 
    64 h1[1,2,1]                   0                      499844 
    65 h1[1,2,2]              499844                      499844 
    66 h1[1,3,1]                -327                      499821 
    67 h1[1,3,2]                -299                      499821 
    68 h1[1,4,1]                 -35                      499833 
    69 h1[1,4,2]                  28                      499833 
    70 h1[2,0,1]                   0                      499832 
    71 h1[2,0,2]                 184                      499832 
    72 h1[2,1,1]                   0                      499847 
    73 h1[2,1,2]                 156                      499847 
    74 h1[2,2,1]                   0                      499847 
    75 h1[2,2,2]                   0                      499847 
    76 h1[2,3,1]                -327                      499821 
    77 h1[2,3,2]                -143                      499821 
    78 h1[2,4,1]                 -35                      499833 
    79 h1[2,4,2]                 184                      499833 
    80 h1[3,0,1]                 327                      499820 
    81 h1[3,0,2]                 327                      499820 
    82 h1[3,1,1]                 327                      499826 
    83 h1[3,1,2]                 299                      499826 
    84 h1[3,2,1]                 327                      499826 
    85 h1[3,2,2]                 143                      499826 
    86 h1[3,3,1]                   0                      499847 
    87 h1[3,3,2]                   0                      499847 
    88 h1[3,4,1]                 292                      499832 
    89 h1[3,4,2]                 327                      499832 
    90 h1[4,0,1]                  35                      499824 
    91 h1[4,0,2]                   0                      499824 
    92 h1[4,1,1]                  35                      499829 
    93 h1[4,1,2]                 -28                      499829 
    94 h1[4,2,1]                  35                      499829 
    95 h1[4,2,2]                -184                      499829 
    96 h1[4,3,1]              499708                      499830 
    97 h1[4,3,2]                -327                      499830 
    98 h1[4,4,1]                   0                      499847 
    99 h1[4,4,2]                   0                      499847 
   100 h2[0,1]                     0                          -0 
   101 h2[0,2]                     0                          -0 
   102 h2[1,1]                     0                          -0 
   103 h2[1,2]                   -28                          -0 
   104 h2[2,1]                     0                          -0 
   105 h2[2,2]                  -184                          -0 
   106 h2[3,1]                  -327                          -0 
   107 h2[3,2]                  -327                          -0 
   108 h2[4,1]                   -35                          -0 
   109 h2[4,2]                     0                          -0 
   110 h2[5,1]                     0                          -0 
   111 h2[5,2]                     0                          -0 
   112 h3[0,1]                     0                         465 
   113 h3[0,2]                     0                         465 
   114 h3[1,1]                     0                         327 
   115 h3[1,2]                    28                         327 
   116 h3[2,1]                     0                         327 
   117 h3[2,2]                   184                         327 
   118 h3[3,1]                   327                         327 
   119 h3[3,2]                   327                         327 
   120 h3[4,1]                    35                         327 
   121 h3[4,2]                     0                         327 
   122 h3[5,1]                     0                         465 
   123 h3[5,2]                     0                         465 
   124 correccion[1,1]
                                   0            -0             = 
   125 correccion[1,2]
                                   0            -0             = 
   126 correccion[2,1]
                                   0            -0             = 
   127 correccion[2,2]
                                   0            -0             = 
   128 correccion[3,1]
                                   0            -0             = 
   129 correccion[3,2]
                                   0            -0             = 
   130 correccion[4,1]
                                   0            -0             = 
   131 correccion[4,2]
                                   0            -0             = 

   No. Column name       Activity     Lower bound   Upper bound
------ ------------    ------------- ------------- -------------
     1 X[0,0,1]     *              0             0             1 
     2 X[0,0,2]     *              0             0             1 
     3 X[0,1,1]     *              0             0             1 
     4 X[0,1,2]     *              1             0             1 
     5 X[0,2,1]     *              0             0             1 
     6 X[0,2,2]     *              0             0             1 
     7 X[0,3,1]     *              0             0             1 
     8 X[0,3,2]     *              0             0             1 
     9 X[0,4,1]     *              1             0             1 
    10 X[0,4,2]     *              0             0             1 
    11 X[0,5,1]     *              0             0             1 
    12 X[0,5,2]     *              0             0             1 
    13 X[1,0,1]     *              0             0             1 
    14 X[1,0,2]     *              0             0             1 
    15 X[1,1,1]     *              0             0             1 
    16 X[1,1,2]     *              0             0             1 
    17 X[1,2,1]     *              0             0             1 
    18 X[1,2,2]     *              1             0             1 
    19 X[1,3,1]     *              0             0             1 
    20 X[1,3,2]     *              0             0             1 
    21 X[1,4,1]     *              0             0             1 
    22 X[1,4,2]     *              0             0             1 
    23 X[1,5,1]     *              0             0             1 
    24 X[1,5,2]     *              0             0             1 
    25 X[2,0,1]     *              0             0             1 
    26 X[2,0,2]     *              0             0             1 
    27 X[2,1,1]     *              0             0             1 
    28 X[2,1,2]     *              0             0             1 
    29 X[2,2,1]     *              0             0             1 
    30 X[2,2,2]     *              0             0             1 
    31 X[2,3,1]     *              0             0             1 
    32 X[2,3,2]     *              0             0             1 
    33 X[2,4,1]     *              0             0             1 
    34 X[2,4,2]     *              0             0             1 
    35 X[2,5,1]     *              0             0             1 
    36 X[2,5,2]     *              1             0             1 
    37 X[3,0,1]     *              0             0             1 
    38 X[3,0,2]     *              0             0             1 
    39 X[3,1,1]     *              0             0             1 
    40 X[3,1,2]     *              0             0             1 
    41 X[3,2,1]     *              0             0             1 
    42 X[3,2,2]     *              0             0             1 
    43 X[3,3,1]     *              0             0             1 
    44 X[3,3,2]     *              0             0             1 
    45 X[3,4,1]     *              0             0             1 
    46 X[3,4,2]     *              0             0             1 
    47 X[3,5,1]     *              1             0             1 
    48 X[3,5,2]     *              0             0             1 
    49 X[4,0,1]     *              0             0             1 
    50 X[4,0,2]     *              0             0             1 
    51 X[4,1,1]     *              0             0             1 
    52 X[4,1,2]     *              0             0             1 
    53 X[4,2,1]     *              0             0             1 
    54 X[4,2,2]     *              0             0             1 
    55 X[4,3,1]     *              1             0             1 
    56 X[4,3,2]     *              0             0             1 
    57 X[4,4,1]     *              0             0             1 
    58 X[4,4,2]     *              0             0             1 
    59 X[4,5,1]     *              0             0             1 
    60 X[4,5,2]     *              0             0             1 
    61 X[5,1,1]     *              0             0             1 
    62 X[5,1,2]     *              0             0             1 
    63 X[5,2,1]     *              0             0             1 
    64 X[5,2,2]     *              0             0             1 
    65 X[5,3,1]     *              0             0             1 
    66 X[5,3,2]     *              0             0             1 
    67 X[5,4,1]     *              0             0             1 
    68 X[5,4,2]     *              0             0             1 
    69 X[5,0,1]     *              0             0             1 
    70 X[5,5,1]     *              0             0             1 
    71 X[5,0,2]     *              0             0             1 
    72 X[5,5,2]     *              0             0             1 
    73 T[0,1]                      0             0               
    74 T[0,2]                      0             0               
    75 T[1,1]                      0             0               
    76 T[1,2]                     28             0               
    77 T[2,1]                      0             0               
    78 T[2,2]                    184             0               
    79 T[3,1]                    327             0               
    80 T[3,2]                    327             0               
    81 T[4,1]                     35             0               
    82 T[4,2]                      0             0               
    83 T[5,1]                      0             0               
    84 T[5,2]                      0             0               

Integer feasibility conditions:

KKT.PE: max.abs.err = 0.00e+00 on row 0
        max.rel.err = 0.00e+00 on row 0
        High quality

KKT.PB: max.abs.err = 6.22e-15 on row 102
        max.rel.err = 6.22e-15 on row 102
        High quality

End of output
